número medio en cola 
x1 = [0.5478280052978183 ,0.49517063103875525 ,0.4988787701288791 ,0.5021638058447802 ,0.4990505511487801 ,0.49962778469879976 ,0.4990019764525898 ,0.49748087569699434 ,0.4994383413304814 ,0.49774695435013766 ,0.4994278382455327 ,0.49899719424654787 ,0.4980481128055766 ,0.4978268549275588 ,0.5002615317631647 ,0.4976389149190962 ,0.4999851174605008 ,0.49692042547818144 ,0.4969971125549752 ,0.4979263292751813 ,0.49754013259961677 ];
plot(x1);
hold on;
x2 = [0.5407116506871181 ,0.4894271392192592 ,0.5015762399728307 ,0.5021101650118553 ,0.5009002835376463 ,0.49753419571405755 ,0.4991147700249199 ,0.5005154377411777 ,0.499859979199096 ,0.49602340349083957 ,0.4969237378575818 ,0.49943894231242575 ,0.49745720040411234 ,0.4987415555847913 ,0.49538527834103163 ,0.4988584120738695 ,0.4987642776350284 ,0.5007685365298686 ,0.4997193033629311 ,0.49980039008292165 ,0.4984421316072886 ];
plot(x2);
hold on;
x3 = [0.41632838692363366 ,0.497295375928416 ,0.49533243232999613 ,0.49998775116475336 ,0.4978241857864384 ,0.4982944735226748 ,0.5018454772542731 ,0.4999421619305591 ,0.4948310798973845 ,0.5000292340490187 ,0.4996001323270736 ,0.5009001418264202 ,0.49786587193463644 ,0.49888591740337834 ,0.497171248838375 ,0.4983942759254628 ,0.49806801678853485 ,0.5008294910300771 ,0.4975453800313612 ,0.49889392097263185 ,0.49828170427693186 ];
plot(x3);

utilización del servidor 
x1 = [0.4843875741072741 ,0.4993458747061708 ,0.49983811318717086 ,0.4993285160144966 ,0.49912355976530864 ,0.4983086419698841 ,0.49877198857331384 ,0.4986330206299412 ,0.4989096850192183 ,0.49889717930994143 ,0.49932169204430227 ,0.4991965219462091 ,0.4987933218505455 ,0.49845628666928515 ,0.4992284083674833 ,0.4989296928904622 ,0.49910829817095265 ,0.4984825050600713 ,0.49865633530119097 ,0.49877761805789744 ,0.4985669023356413 ];
plot(x1);
hold on;
x2 = [0.5069904672061671 ,0.49770974254590283 ,0.5001679078242418 ,0.5006252692106259 ,0.499249071099928 ,0.49875428948476636 ,0.49949706106518055 ,0.4989277575237548 ,0.4990529045525001 ,0.49832697483052973 ,0.498572846461313 ,0.4986500345128306 ,0.4987921526766221 ,0.498833417381975 ,0.4985630856251822 ,0.49895679625401385 ,0.49866814292923456 ,0.49945801657667344 ,0.4989512109984479 ,0.4991590734047687 ,0.4988180423329451 ];
plot(x2);
hold on;
x3 = [0.4828982054890478 ,0.4988524982985379 ,0.49866914395577394 ,0.4987596175623215 ,0.49892475375005324 ,0.49837682140997186 ,0.49993178463336047 ,0.4987807402680987 ,0.4980174101091976 ,0.4986887498739778 ,0.4991720427043471 ,0.4993676650155994 ,0.4987943136414852 ,0.4989065289208295 ,0.4986790922949047 ,0.498960809441324 ,0.49863017666784487 ,0.49932217913740745 ,0.49879367600291574 ,0.4987924705421297 ,0.4989137701753671 ];
plot(x3);

demora promedio 
x1 = [0.2779052199633504 ,0.2469439117793065 ,0.2488126476410608 ,0.25064229723223275 ,0.24876790728233777 ,0.24930196477746855 ,0.2489519633142512 ,0.24815123917845378 ,0.2489548670093709 ,0.2481050125109837 ,0.24893592640977505 ,0.24886859803526704 ,0.2483430694525969 ,0.24835632153665962 ,0.24926070661042904 ,0.2481938402288059 ,0.24908495179863233 ,0.24787525080803816 ,0.24786287594137796 ,0.2483638658133798 ,0.24807166049042292 ];
plot(x1);
hold on;
x2 = [0.2632085400836975 ,0.24461233153696532 ,0.24984887452647356 ,0.2501731976261681 ,0.24960820197168082 ,0.248318640100509 ,0.2488372371899905 ,0.249568514829124 ,0.24920607116347027 ,0.2474964414826322 ,0.2477610424352964 ,0.24902563354614007 ,0.24817153991972918 ,0.24875773819316233 ,0.24718191405255985 ,0.24876887116232435 ,0.24866436862176014 ,0.24962848976502225 ,0.24917576361119442 ,0.2490901115722101 ,0.24861026503946423 ];
plot(x2);
hold on;
x3 = [0.21044833930533935 ,0.24835043031310947 ,0.2470655781906174 ,0.24949711364740912 ,0.24836128282816058 ,0.24839926740406554 ,0.2499347897330206 ,0.24946535923084914 ,0.24681297101317914 ,0.24942484146165714 ,0.24903834100867445 ,0.2496070951976258 ,0.24821808372784135 ,0.24874604211135345 ,0.2480593206562296 ,0.2484197448327284 ,0.2483736754560055 ,0.2496016422498107 ,0.24807486202409898 ,0.24874376928298772 ,0.24835533494011056 ];
plot(x3);